14.602807700886274, -129.28103217904402, 457.7928319444661
66.46613393354858, -179.83176053924728, 382.7948724560156
-36.78279273618011, -16.866795122095027, 273.9952849051747
223.3428494457322, -152.4702140238902, 99.61542858209145
-180.84625754641502, 92.25914856404893, 453.74518389515515
194.33604426507372, -149.86487756742372, 104.57053060174917
161.03420220519536, -144.08823242072958, 77.51582597975823
170.9062487761961, -361.5195511956363, 526.1857957923769
-171.74789634074716, 57.460039438135254, 274.1123336215369
196.991994502917, -151.49582770474422, -64.91422785269879
185.17774304317766, -327.81849784781184, 107.29170229931651
-135.47301359634275, -2.515106622577605, 31.1788381651877
281.3075852224148, -299.15827722161106, -73.19645733856646
517.5373399375684, -497.76409425816775, 241.65387627215182
277.92794864453754, -510.64016816466517, 574.6782474948277
555.515259178013, -472.6807701356707, 67.7890640468321
535.3882969559367, -468.4372534477453, 49.58253957719194
-360.8075509144122, 145.30326761249023, 427.4481601302441
284.0939666922802, -211.09389442024076, -276.4768192468666
384.90130140567805, -440.327011383431, 21.608592499954398
-97.67699125021625, -6.702426363515087, -155.6121751973426
264.7326361494735, -170.89933346512123, -321.4094268987675
238.2907448994523, -284.0612166587473, -189.43803632629078
503.78296954917266, -419.56841833521236, -158.61674236465353
20.704824778338775, -142.22312321286495, -203.57444830358986
317.4185443897519, -312.52403868699474, -247.0711505706489
224.61389166586093, -266.51396777986696, -247.60795251304
429.68174639364724, -134.18992421351732, -446.9653118853895
-30.379587389950075, -111.80227008151815, -214.13131825534924
-288.77977554374064, 101.24149216781984, 13.903761393322156
149.41990149935293, -79.36321108401887, -373.16847748754503
351.10204154774567, -425.0349540563758, -102.77260039619307
-212.7910576379627, 187.736753964861, -220.58709665677657
-25.370978700091086, 4.5873617797277575, -325.2325753449589
-84.46388763302178, 106.90843528408698, -341.2394160358467
-192.9292921627473, 246.82740475119965, -305.098077225177
-78.50378591694954, 20.824827451855185, -311.72821000899313
224.4920275382533, -147.46798824438474, -405.08616231392176
54.62427076536426, -90.24401903508078, -354.55782476451844
328.4704285961428, -110.3880122869981, -499.1541861537993
-63.53097446113179, 12.313750716701065, -393.3341899760568
724.8443407016247, -480.86281098028206, -313.35037990791665
-180.74522063741068, 124.71824403583287, -365.536530788188
-390.85558953033785, 623.6030620625161, -249.84178538013106
-350.07754519764893, 412.2991952280822, -273.1739923468383
603.8569216466418, -595.1907615215146, 90.01289861603436
-163.110987552447, 457.3386707500488, -538.7193586440673
557.0226079614157, -545.5099090213506, -233.3051514851561
-301.3625833792473, 557.7664780316497, -467.7075564732666
-476.8500082576402, 446.9937523882454, 174.79763873514594
342.1084455229078, -418.1347703817909, -417.3685728695842
-394.7593093271327, 261.1274291156727, -220.85789380147162
311.64753765810326, -57.53893887204424, -601.364925932162
608.7048755949562, -565.4829007284043, -266.22937001815126
201.83483792142897, -107.22248240191402, -576.8705071593471
-482.3532387011377, 615.0837621441988, -42.49857732252224
-130.7905426732047, 245.08400051808417, -569.6879361897762
-476.27317839160173, 702.4374505437195, -194.041943510299
-320.97673388017114, 261.20494096042125, -465.3030375423564
16.986002079851346, -63.14213881319347, -575.2735248821691
159.3550330428767, -6.4330724093781555, -633.870231043214
-516.3975625137911, 630.847368595136, 121.55531635513262
-1.5281667244917116, 32.33920058003139, -628.1939705261287
-474.16857338137567, 165.3142138587218, -203.10259697848846
-527.2031824068938, 934.5751122510385, -85.01954028977639
-512.204603348978, 727.9429818657848, -285.0043134716679
83.44833508440138, -5.67260706720424, -676.5413048421024
-546.9916344746844, 482.80073700330354, 465.20828364630324
38.82971941543849, 46.942575219418586, -708.1002386162639
-563.249972332711, 838.9891550337529, -74.05049961360453
-563.9443058233056, 623.085980579616, 248.39713552263026
729.0178615172994, -709.499106295603, 121.8541716129422
7.6379927378774255, 234.14589788652574, -751.6088830984008
