743.7795596888299, 932.6436558051789, 414.8738217854553
522.1365174501642, 844.5628653478796, 607.80176845705
795.8904423569315, 1408.3617744704986, 258.27060255798796
334.8285374363068, 699.1251542364478, 920.8185688906032
534.8191333914571, 1130.1550181651576, 385.7831107449835
362.4168828256332, 710.8447205972166, 829.5889786533631
627.306583611338, 876.4372446002342, 417.9171275247727
636.0525469670348, 1091.8692064043155, 335.5457789926799
221.96143849163286, 1246.6039091854436, 669.3222201383733
960.4366917513053, 873.3146673731528, 266.72489827424755
1333.9556013828176, 760.6272407594993, 222.3586730501449
384.9207901581126, 488.0851025735464, 901.8324725799381
312.4649154449424, 1046.1827363232542, 502.81659992078056
487.54109825634396, 564.6834535961937, 609.1213875216725
378.44434119986073, 1133.190117231302, 381.9276355231938
561.2241837552309, 366.129218298321, 797.086077047869
1015.5587327073233, 1006.6498870404505, 181.86315739551372
749.2370589924782, 256.39540045871314, 850.6879638485809
216.49589914297786, 795.2304946368063, 755.5403273155232
813.944051782039, 1040.5460165975114, 192.55969056057506
1103.810286175034, 166.85316094356733, 794.571940767185
1528.458602722873, 106.40553658869081, 887.3723063909451
641.6111298532385, 324.4154332480537, 651.2351295072361
62.241004731916405, 1383.0115743147005, 814.9069692014956
565.7646439666079, 405.65029310906385, 498.4457715923739
774.797612787861, 419.12130519302747, 281.0843986876629
37.53337881089837, 854.7406281560898, 843.3750526811035
73.50217096313827, 541.3326136986018, 922.5681583515783
1085.344027332099, 946.71666812682, 21.960854479766923
-64.28319331637749, 848.25353347584, 1146.719467981756
645.5400440793185, 1.6362221054620818, 1166.4868613441888
