19.19356025817658, 12.174012953773127, 32.52801188217613
96.33792268843672, 89.17692838185299, 0.2783968268737613
74.57877791448013, 86.93043393490133, 0.371752618261012
12.297172987223416, 8.370667055671221, 47.45345891863185
9.020656384427117, 12.364473794648024, 41.27380649826497
13.897476602733649, 8.859575730411052, 35.05429175752902
21.320489950644617, 2.8534415372324817, 55.6091619005998
61.601682662055936, 0.05192604391667244, 68.68751224956225
93.84452264447323, 0.10211019680913536, 39.040664574071926
61.65913684480526, 0.05023480630869104, 61.216273469128026
18.14921033328836, 2.911550262439988, 46.89521749797873
38.011848082022894, 2.3238129744502345, 26.373502103369596
16.210732055966048, 3.446659748547898, 44.812884519286264
0.26779839716988274, 48.32308810963213, 53.60182616688167
23.832274985496948, 8.326357466643419, 12.143500364164971
7.708576683620672, 54.15416176270293, 4.744399971844815
56.62447292485453, 0.8229301712793013, 24.582912079560245
3.846590985885534, 25.93426957015933, 18.708382525344255
20.357635860316535, 4.940702727607793, 16.048222100311193
2.187069181568013, 7.786646191961188, 74.26780203233184
28.645982809795356, 0.060867295987532266, 61.31611222026533
0.2986976691974119, 95.54431855293124, 14.741062405613125
5.988796204577584, 4.217077770174882, 48.207137498045725
12.448018140273598, 0.3117426841083959, 98.27726388065057
1.8938412292681228, 34.368163654705306, 15.554144022111272
5.108670563596551, 28.705517412894533, 7.648013053097147
34.080956446382714, 0.4356141020794513, 29.521980438661252
6.354819129456713, 16.643401432777395, 10.727873787006459
0.08421240056977197, 59.37156885135151, 19.56824025042826
71.70240993821568, 1.0866629040463427, 5.837874693913192
0.4126216120238224, 13.862067949119904, 46.79394996851083
1.411618919733415, 60.64021298995037, 5.7495899185414086
1.252343381195986, 18.021431655055665, 21.363295209925383
4.423519533573916, 0.4999526040568303, 59.3902060226969
9.529103106575398, 16.578192087416365, 1.37743044000882
0.7352979112099312, 69.66899588115454, 2.060915749462522
24.505472077055312, 2.46681011546942, 0.6406216877445914
