-30.379587389950075, -111.80227008151815, -214.13131825534924
20.704824778338775, -142.22312321286495, -203.57444830358986
54.62427076536426, -90.24401903508078, -354.55782476451844
-474.16857338137567, 165.3142138587218, -203.10259697848846
-97.67699125021625, -6.702426363515087, -155.6121751973426
-78.50378591694954, 20.824827451855185, -311.72821000899313
16.986002079851346, -63.14213881319347, -575.2735248821691
56.29592621168149, -101.71972139051877, -187.1790052032277
-63.53097446113179, 12.313750716701065, -393.3341899760568
-180.74522063741068, 124.71824403583287, -365.536530788188
342.1084455229078, -418.1347703817909, -417.3685728695842
224.61389166586093, -266.51396777986696, -247.60795251304
-288.77977554374064, 101.24149216781984, 13.903761393322156
-84.46388763302178, 106.90843528408698, -341.2394160358467
724.8443407016247, -480.86281098028206, -313.35037990791665
608.7048755949562, -565.4829007284043, -266.22937001815126
658.0514691268874, -329.0994625509989, -294.36486300577235
557.0226079614157, -545.5099090213506, -233.3051514851561
23.325708800009465, -38.34131821747553, -370.5301642320653
89.35177684300402, -65.67316887878758, -323.3900416666386
