-477.8680972616213, 130.3531740411339
220.7340480650562, -375.89400273025353
-92.88236280222509, -149.33714247573857
274.0982113791413, -383.77992347156516
-339.3186147729712, 191.66809132933656
-384.5165061924762, 221.68953202546277
134.97429090341257, -241.85204624699998
-109.76020794785336, 12.016727761116158
-380.36109675097754, 259.06638569754386
-278.46364164235496, 139.78839162104236
292.6980877552369, -352.7767932030722
233.25384182849064, -289.29907207873686
145.52042756233004, -224.70711005579096
-94.30766178712031, 4.759570715188602
-100.37573975284454, 13.910219073960661
233.54587149082067, -284.83877937113124
383.43771352836757, -395.1182945799477
-301.5131822297372, 217.09138448471947
126.71794913296162, -220.6152431533186
-63.22371893350862, -119.47201005158797
