-656.4159938212101, -540.5801384881981
-599.812558728707, -514.9853221467586
-507.54608006026353, -520.356834612478
-446.70786895729293, -573.9438161756592
-460.1419483300712, -515.1010860562509
-514.2589134651242, -480.5979008533029
-445.59629556147667, -473.8853858328299
-426.9701243745204, -512.3642540116326
-430.304109657118, -448.56436222273715
-434.86372504229485, -438.92503396505515
-391.59146475520794, -543.2593143546773
-397.23096762667564, -485.85848947736736
-440.5005832000016, -410.0176615666753
-371.4202228428169, -454.2183222268376
-422.60133844906755, -420.8011564067613
-537.4836668344789, -368.9916087520456
-370.58775931144305, -427.1299261395176
-488.40702166245313, -367.29474196543083
-360.9492436207147, -445.7334947068742
-464.12793203305273, -362.30623136393854
