-540.9341936284667, -609.6787045956655, -692.970201994976
-512.710412865322, -433.3633247041437, -723.9817155305531
-527.5844521161322, -414.18094565941755, -509.87483023573066
-461.45224676194624, -455.06467761498993, -547.9018295420376
-429.0510949422748, -518.4041942438273, -523.3035691285983
-573.9317332403808, -465.51883282951064, -449.2324907341757
-400.1286806165641, -556.7923041181463, -481.94483504040164
-567.4475544805985, -605.9222101814235, -385.3235074727681
-445.0661145496342, -429.44166921059593, -408.33096551415036
-404.77107194865135, -620.6359736915359, -451.35933404041674
-434.07781049975205, -556.6748037356548, -407.8748737960784
-469.3808362829573, -336.03596031309115, -468.71481671198546
-523.2952073394902, -345.45723200186967, -384.6168248284381
-440.1287302900493, -349.17576107638234, -385.837114013854
-338.7458302193451, -527.0343306566922, -491.1038032878314
-393.2803016509644, -399.81323196482066, -323.84619162840477
-435.9172020524445, -332.27616660823014, -325.9544971709536
-361.82731871900796, -398.75655660733844, -452.6734054878713
-398.0433255915628, -307.00198691230344, -453.8472287324497
-466.3153987864072, -291.3997182251533, -343.25888150287983
