565.7646439666079, 405.65029310906385, 498.4457715923739
774.797612787861, 419.12130519302747, 281.0843986876629
487.54109825634396, 564.6834535961937, 609.1213875216725
641.6111298532385, 324.4154332480537, 651.2351295072361
820.052899084056, 429.37129522229407, 580.708087753553
73.50217096313827, 541.3326136986018, 922.5681583515783
1108.4079184821271, 508.7795709475538, 314.6442154263733
689.1392031814728, 609.2612409303845, 510.9236139570216
216.49589914297786, 795.2304946368063, 755.5403273155232
621.5071009716218, 647.3368583054062, 537.2665690180959
522.1365174501642, 844.5628653478796, 607.80176845705
1303.636938119459, 406.75432525221885, 583.9143538201544
1135.09194298358, 529.5473354058358, 437.8131117659906
844.6759725076365, 417.00646510512234, 642.3971483405662
890.7542501674152, 528.6482681258087, 444.63564511601305
561.2241837552309, 366.129218298321, 797.086077047869
859.6496455150881, 694.236515396294, 288.8250699196865
868.894452203763, 412.90387128848135, 651.0903466004337
362.4168828256332, 710.8447205972166, 829.5889786533631
462.76461060444785, 803.1040654360631, 760.5024601128475
