236.3267923338455, 606.9023040759762
327.65926867435905, 619.5804464875663
496.17078466090925, 332.10941135847014
208.79081826423516, 649.7975259165394
373.4874193049661, 578.943672220143
343.70461638676113, 635.7860871528997
419.9215456939529, 593.7539608889022
697.6976433804675, 221.57995675509738
338.2545126152446, 676.621027001708
242.16085892773373, 768.2558416337131
713.237711279658, 294.98991644767295
637.3828229073691, 367.54346289501854
544.4439521777414, 472.01494235002815
748.4868781850512, 326.55582007577146
432.7388919121347, 663.8397645351455
793.4722372313026, 254.93390792719651
429.75801612706437, 669.5080987776585
254.6154754416759, 930.8957640103527
883.1703770088195, 241.17637564959068
698.3601858296938, 375.9101069510671
