24.505472077055312, 2.46681011546942, 0.6406216877445914
30.043382053646283, 7.972458823572914, 4.863680863636177
20.357635860316535, 4.940702727607793, 16.048222100311193
9.529103106575398, 16.578192087416365, 1.37743044000882
23.832274985496948, 8.326357466643419, 12.143500364164971
6.354819129456713, 16.643401432777395, 10.727873787006459
51.500619444546956, 3.46186236806707, 3.4307898352754163
1.252343381195986, 18.021431655055665, 21.363295209925383
1.8938412292681228, 34.368163654705306, 15.554144022111272
40.65388907962061, 11.410865149276471, 3.3330326251592157
5.108670563596551, 28.705517412894533, 7.648013053097147
26.884991775156543, 2.589996669344996, 21.907081575512265
27.738550578876296, 3.1318928206289565, 21.73587744836319
1.601459503822844, 23.866443389746827, 21.4458482137304
45.16268900708212, 11.579290944871435, 3.478545268787836
30.56193102558895, 8.911134650810858, 16.727134274804207
23.41674166888701, 9.35934824062029, 23.457274116689504
3.846590985885534, 25.93426957015933, 18.708382525344255
40.90725512526214, 11.88664290704946, 4.496855762003427
42.18167660142524, 8.287512204382907, 10.770062294372561
