4.439381539454179, 0.3622158588394986
5.439200775010478, 0.8567701040097631
4.621841368785152, 1.3470190574152885
1.76152041147708, 9.072077200854645
0.7190704008734339, 14.768682563056668
13.896249685746898, 0.9758197335101637
4.255360718876499, 12.461454342389345
14.732260992075009, 0.9592380725199079
12.428362491785048, 2.090342295048253
9.050510863272486, 7.5279844240694676
8.347689342122386, 9.875943216605055
6.474968975217122, 12.00401488659828
9.796047997632929, 11.07753538184857
8.34553497709912, 12.413516769209199
9.773720748541624, 11.697969329125735
10.692280005955755, 8.75437294251531
1.988183988079617, 18.274201889033915
12.125456358267506, 6.215641789322845
7.933221004807766, 13.930720258882278
1.9665404216587246, 19.607950668653572
