-30.379587389950075, -111.80227008151815, -214.13131825534924
20.704824778338775, -142.22312321286495, -203.57444830358986
54.62427076536426, -90.24401903508078, -354.55782476451844
342.1084455229078, -418.1347703817909, -417.3685728695842
724.8443407016247, -480.86281098028206, -313.35037990791665
608.7048755949562, -565.4829007284043, -266.22937001815126
557.0226079614157, -545.5099090213506, -233.3051514851561
16.986002079851346, -63.14213881319347, -575.2735248821691
224.61389166586093, -266.51396777986696, -247.60795251304
238.2907448994523, -284.0612166587473, -189.43803632629078
149.41990149935293, -79.36321108401887, -373.16847748754503
83.44833508440138, -5.67260706720424, -676.5413048421024
-25.370978700091086, 4.5873617797277575, -325.2325753449589
224.4920275382533, -147.46798824438474, -405.08616231392176
-63.53097446113179, 12.313750716701065, -393.3341899760568
196.991994502917, -151.49582770474422, -64.91422785269879
201.83483792142897, -107.22248240191402, -576.8705071593471
185.17774304317766, -327.81849784781184, 107.29170229931651
317.4185443897519, -312.52403868699474, -247.0711505706489
-1.5281667244917116, 32.33920058003139, -628.1939705261287
