220.7340480650562, -375.89400273025353
274.0982113791413, -383.77992347156516
134.97429090341257, -241.85204624699998
126.71794913296162, -220.6152431533186
383.43771352836757, -395.1182945799477
430.48601578707735, -421.3698080215915
459.64277225905585, -434.87568541974963
486.8553534345699, -444.4405930611696
548.1462273271757, -494.7399862074472
576.4017187746133, -509.1465649153717
616.1002945212742, -604.4071974327696
1045.764280862059, -630.4420501101283
-92.88236280222509, -149.33714247573857
-109.76020794785336, 12.016727761116158
-94.30766178712031, 4.759570715188602
-166.71285924314208, 55.59791069369737
-203.49476341861134, 75.6587106267832
65.16126872685038, -187.87773261921996
-211.71345078446268, 81.80237695109793
-477.8680972616213, 130.3531740411339
