565.7646439666079, 405.65029310906385, 498.4457715923739
774.797612787861, 419.12130519302747, 281.0843986876629
641.6111298532385, 324.4154332480537, 651.2351295072361
561.2241837552309, 366.129218298321, 797.086077047869
749.2370589924782, 256.39540045871314, 850.6879638485809
645.5400440793185, 1.6362221054620818, 1166.4868613441888
487.54109825634396, 564.6834535961937, 609.1213875216725
636.0525469670348, 1091.8692064043155, 335.5457789926799
795.8904423569315, 1408.3617744704986, 258.27060255798796
1333.9556013828176, 760.6272407594993, 222.3586730501449
1528.458602722873, 106.40553658869081, 887.3723063909451
627.306583611338, 876.4372446002342, 417.9171275247727
743.7795596888299, 932.6436558051789, 414.8738217854553
960.4366917513053, 873.3146673731528, 266.72489827424755
813.944051782039, 1040.5460165975114, 192.55969056057506
1103.810286175034, 166.85316094356733, 794.571940767185
1015.5587327073233, 1006.6498870404505, 181.86315739551372
1085.344027332099, 946.71666812682, 21.960854479766923
73.50217096313827, 541.3326136986018, 922.5681583515783
216.49589914297786, 795.2304946368063, 755.5403273155232
