24.505472077055312, 2.46681011546942, 0.6406216877445914
9.529103106575398, 16.578192087416365, 1.37743044000882
34.080956446382714, 0.4356141020794513, 29.521980438661252
71.70240993821568, 1.0866629040463427, 5.837874693913192
56.62447292485453, 0.8229301712793013, 24.582912079560245
93.84452264447323, 0.10211019680913536, 39.040664574071926
20.357635860316535, 4.940702727607793, 16.048222100311193
23.832274985496948, 8.326357466643419, 12.143500364164971
38.011848082022894, 2.3238129744502345, 26.373502103369596
19.19356025817658, 12.174012953773127, 32.52801188217613
61.65913684480526, 0.05023480630869104, 61.216273469128026
61.601682662055936, 0.05192604391667244, 68.68751224956225
74.57877791448013, 86.93043393490133, 0.371752618261012
96.33792268843672, 89.17692838185299, 0.2783968268737613
1.252343381195986, 18.021431655055665, 21.363295209925383
6.354819129456713, 16.643401432777395, 10.727873787006459
5.108670563596551, 28.705517412894533, 7.648013053097147
1.8938412292681228, 34.368163654705306, 15.554144022111272
3.846590985885534, 25.93426957015933, 18.708382525344255
0.4126216120238224, 13.862067949119904, 46.79394996851083
